θ=无穷，30次结果
第1 次最终的点横坐标: [-4114, -3816, -3514, -3304, -2770, -2704, -2646, -2540, -2094, -2076, -1820, -1660, -1510, -1206, -1040, -644, -588, -144, -70, 6, 374, 930, 1004, 1152, 1474, 1964, 2096, 2552, 2580, 2894, 3016, 3230, 3616, 3928, 4044]
第2 次最终的点横坐标: [-4338, -3868, -3712, -3570, -3446, -2798, -2636, -2308, -1634, -1210, -866, -354, -180, 48, 212, 540, 778, 1170, 1284, 1686, 2008, 2226, 2518, 2646, 2812, 3400, 3552, 3944, 4058]
第3 次最终的点横坐标: [-4320, -3784, -3770, -3592, -3432, -3088, -2916, -2338, -2108, -1922, -1832, -1640, -1526, -1496, -1258, -994, -882, -512, 76, 330, 572, 822, 984, 1206, 1376, 1592, 1936, 2000, 2586, 2664, 2900, 3038, 3250, 3366, 3664, 3792, 4032]
第4 次最终的点横坐标: [-4394, -3954, -3818, -3724, -3380, -3190, -3016, -2698, -2216, -1914, -1774, -1394, -1084, -1028, -490, -114, 114, 460, 514, 676, 902, 1166, 1494, 1714, 2230, 2306, 2650, 2954, 3254, 3300, 3790, 3876, 4364]
第5 次最终的点横坐标: [-4024, -3962, -3658, -3098, -2902, -2520, -2458, -2056, -1980, -1804, -1536, -1416, -1168, -864, -510, -166, -100, 52, 134, 542, 586, 886, 938, 1112, 1508, 1534, 2038, 2132, 2422, 2754, 2854, 3156, 3250, 3526, 3600, 3878, 3916]
第6 次最终的点横坐标: [-4106, -3894, -3712, -3378, -3160, -2768, -2576, -2182, -1918, -1602, -1388, -1164, -414, -154, 192, 476, 968, 1132, 1390, 1528, 1898, 2256, 2380, 2706, 3300, 3554, 3988, 4140, 4410]
第7 次最终的点横坐标: [-3936, -3788, -3344, -3150, -3076, -2828, -2670, -2204, -2012, -1520, -1196, -882, -668, -160, 164, 534, 632, 722, 860, 1616, 1836, 1932, 2388, 2814, 2976, 3186, 3884, 4008]
第8 次最终的点横坐标: [-3886, -3788, -3208, -3178, -2872, -2716, -2306, -1856, -1620, -1386, -1040, -930, -498, -208, 178, 494, 690, 986, 1076, 1430, 1564, 1778, 2130, 2264, 2616, 3026, 3088, 3328, 3642, 3762, 3858, 4146]
第9 次最终的点横坐标: [-3734, -3578, -3484, -3040, -2884, -2490, -2220, -1776, -1734, -1376, -1014, -816, -264, -166, 74, 374, 616, 718, 918, 1012, 1338, 1790, 1944, 2232, 2316, 2426, 2500, 2956, 3002, 3572, 3910, 4150]
第10 次最终的点横坐标: [-4100, -3586, -3456, -3134, -2958, -2694, -2394, -2228, -2088, -1950, -1578, -1382, -1330, -982, -308, -64, 406, 648, 950, 1038, 1494, 1764, 2116, 2292, 2554, 2796, 3298, 3654, 3718, 3852, 4666]
第11 次最终的点横坐标: [-3866, -3336, -3230, -2916, -2650, -2234, -1974, -1918, -1630, -1272, -1020, -716, -494, -362, -108, 76, 640, 794, 864, 1048, 1258, 1450, 1878, 2104, 2480, 2674, 2900, 3210, 3382, 3856, 4132]
第12 次最终的点横坐标: [-4008, -3704, -3544, -3112, -2800, -2468, -2282, -2168, -1992, -1902, -1736, -1334, -1076, -992, -822, -686, -164, -40, 220, 292, 392, 712, 1002, 1204, 1494, 1548, 1884, 2008, 2130, 2474, 2808, 3008, 3158, 3494, 3932, 4198]
第13 次最终的点横坐标: [-3800, -3744, -3630, -3404, -3266, -3006, -2618, -2564, -2394, -2304, -1652, -1424, -1096, -1038, -594, -220, 200, 386, 392, 462, 858, 1094, 1138, 1456, 1606, 2154, 2358, 2704, 3012, 3072, 3338, 3752, 3890]
第14 次最终的点横坐标: [-3920, -3706, -3254, -3134, -2878, -2800, -2480, -2174, -2040, -1370, -1126, -1064, -984, -710, -218, 110, 424, 520, 614, 842, 1122, 1512, 1686, 1870, 1984, 2192, 2652, 2844, 2980, 3184, 3708, 3796, 3936, 4294]
第15 次最终的点横坐标: [-4324, -3804, -3446, -3168, -2918, -2492, -2180, -1816, -1724, -930, -806, -536, -444, -226, -28, 72, 398, 460, 562, 618, 736, 1198, 1566, 1906, 2152, 2616, 2802, 3132, 3484, 3958, 4152]
第16 次最终的点横坐标: [-4492, -3842, -3696, -3362, -2796, -2594, -2474, -2354, -2072, -1700, -1408, -1278, -1044, -730, -634, -298, -280, -96, 160, 418, 504, 1034, 1116, 1700, 1748, 2002, 2456, 2714, 3040, 3206, 3336, 3566, 4012, 4128, 4228]
第17 次最终的点横坐标: [-4142, -3996, -3804, -3314, -3028, -2872, -2786, -2266, -1938, -1852, -1572, -1332, -862, -842, -554, -388, 26, 324, 622, 1132, 1246, 1510, 1902, 2266, 2420, 2534, 2972, 3404, 3488, 3774, 3974, 4042]
第18 次最终的点横坐标: [-4346, -3844, -3530, -3262, -2938, -2644, -2584, -2484, -2140, -1970, -1382, -1298, -1062, -882, -478, 38, 306, 676, 882, 1152, 1216, 1330, 1454, 1952, 2088, 2236, 2442, 2714, 3012, 3074, 3290, 3390, 3676, 3758, 4006, 4196]
第19 次最终的点横坐标: [-4206, -3662, -3602, -3520, -2846, -2792, -2350, -2192, -1926, -1800, -1452, -1200, -940, -744, -420, -202, 128, 502, 726, 1110, 1208, 1822, 1944, 2258, 2590, 2748, 3102, 3320, 3604, 3732, 4406]
第20 次最终的点横坐标: [-4196, -3766, -3610, -3258, -3088, -3040, -3006, -2680, -2644, -2358, -2030, -1726, -1638, -1036, -796, -296, 74, 480, 864, 1338, 1604, 1878, 2034, 2060, 2564, 2874, 3168, 3184, 3500, 3910, 4218, 4734]
第21 次最终的点横坐标: [-4108, -3902, -3420, -3346, -3258, -2716, -2406, -2196, -2166, -1694, -1442, -1262, -1056, -764, -554, 116, 304, 514, 904, 1024, 1124, 1644, 1848, 1954, 2314, 2502, 2702, 2760, 2854, 2982, 3358, 3464, 3632, 4028, 4146]
第22 次最终的点横坐标: [-4302, -4116, -3524, -3502, -3198, -2728, -2714, -2294, -2232, -2060, -2046, -1740, -1494, -1438, -1208, -946, -848, -276, -28, 342, 434, 666, 970, 1284, 1444, 1646, 1794, 2158, 2422, 2650, 3234, 3638, 4358]
第23 次最终的点横坐标: [-3734, -3400, -3108, -2820, -2668, -2516, -2010, -1710, -1400, -1268, -990, -828, -766, -648, -248, -90, 104, 340, 464, 542, 920, 1050, 1224, 1628, 1808, 2130, 2270, 2456, 2802, 3014, 3620, 3792, 4318]
第24 次最终的点横坐标: [-3948, -3924, -3764, -3336, -2976, -2728, -2532, -2348, -1988, -1858, -1302, -922, -788, -692, -612, -336, 8, 152, 396, 782, 906, 1062, 1514, 1732, 1946, 2148, 2236, 2702, 3254, 3496, 3648, 3878, 4190, 4226]
第25 次最终的点横坐标: [-4052, -3820, -3472, -3418, -3274, -3060, -2962, -2596, -2304, -2168, -1850, -1716, -1634, -1260, -1084, -866, -308, 26, 358, 494, 1234, 1312, 1814, 2026, 2444, 2764, 3186, 3214, 3440, 3598, 3880, 4342, 4536]
第26 次最终的点横坐标: [-3814, -3684, -3650, -3334, -2832, -2822, -2494, -2266, -2150, -1796, -1622, -1594, -1504, -982, -804, -522, -286, 76, 362, 394, 436, 1004, 1128, 1528, 1880, 2076, 2302, 2830, 3044, 3052, 3614, 3842, 3992, 4200]
第27 次最终的点横坐标: [-3920, -3850, -3446, -2914, -2708, -2550, -2226, -1882, -1736, -1582, -1394, -1070, -952, -646, -418, -342, 160, 248, 502, 628, 898, 948, 1224, 1484, 1970, 2084, 2238, 2448, 2738, 2866, 2978, 3342, 3972, 4246, 4338]
第28 次最终的点横坐标: [-4002, -3870, -3492, -2962, -2758, -2610, -2394, -2230, -2144, -1854, -1806, -1250, -1084, -754, -750, -452, -248, 272, 480, 848, 1050, 1248, 1452, 1792, 2052, 2444, 2802, 2984, 3362, 3640, 3976, 4086]
第29 次最终的点横坐标: [-4564, -4218, -3840, -3154, -3042, -2792, -2598, -2328, -2174, -2070, -1990, -1532, -1458, -1380, -1118, -788, -674, -426, -152, 8, 260, 366, 586, 706, 774, 854, 1526, 1718, 1940, 2238, 2412, 2828, 3146, 3310, 3440, 4002, 4388]
第30 次最终的点横坐标: [-4324, -4060, -3636, -2938, -2718, -2436, -2276, -1904, -1298, -1152, -1100, -564, -294, 132, 236, 554, 876, 1472, 1482, 1608, 1992, 2218, 2312, 2508, 2740, 2910, 3538, 4028, 4176]
第1 次最终的点的原始位置横坐标: [-4096, -3968, -3740, -3676, -3248, -2918, -2844, -2656, -2374, -2170, -1954, -1844, -1618, -1508, -1404, -964, -812, -598, -236, 70, 186, 420, 684, 1068, 1072, 1516, 1910, 2052, 2538, 2604, 2946, 3038, 3424, 3624, 3874]
第2 次最终的点的原始位置横坐标: [-4096, -4088, -4026, -3818, -3588, -3348, -2816, -2404, -2002, -1838, -1332, -954, -704, -270, 216, 296, 616, 784, 1308, 1500, 1584, 1870, 2168, 2308, 2428, 2904, 3394, 3644, 3828]
第3 次最终的点的原始位置横坐标: [-4096, -4074, -3964, -3726, -3484, -3368, -2824, -2678, -2224, -2156, -2058, -1838, -1818, -1732, -1268, -1224, -1064, -818, -592, 2, 464, 538, 720, 736, 1030, 1272, 1538, 1642, 1832, 2330, 2578, 2712, 3066, 3428, 3632, 3694, 3984]
第4 次最终的点的原始位置横坐标: [-4096, -4070, -3856, -3848, -3754, -3660, -3306, -3106, -2526, -2182, -1844, -1682, -1568, -1418, -536, -408, -198, -92, 274, 432, 760, 940, 1314, 1536, 1748, 2270, 2422, 2652, 2758, 3212, 3340, 3604, 3988]
第5 次最终的点的原始位置横坐标: [-4096, -3940, -3796, -3606, -3066, -2908, -2534, -2492, -2082, -2030, -1860, -1538, -1210, -992, -926, -616, -216, 70, 176, 268, 472, 568, 984, 1182, 1220, 1628, 1798, 2028, 2254, 2334, 2896, 2990, 3104, 3178, 3282, 3600, 3814]
第6 次最终的点的原始位置横坐标: [-4096, -3926, -3788, -3714, -3438, -3104, -2832, -2604, -2242, -1750, -1404, -1222, -1046, -422, -160, 124, 434, 774, 1102, 1516, 1686, 1912, 2072, 2564, 2826, 3488, 3594, 3754, 4024]
第7 次最终的点的原始位置横坐标: [-4096, -3954, -3798, -3444, -3118, -2770, -2736, -2538, -2206, -2144, -1506, -1162, -896, -670, -170, 162, 570, 576, 868, 1094, 1750, 1830, 1968, 2402, 2870, 3146, 3296, 3806]
第8 次最终的点的原始位置横坐标: [-4096, -3956, -3644, -3560, -3024, -2882, -2566, -2332, -1802, -1690, -1194, -1078, -954, -680, -158, 194, 448, 536, 822, 1176, 1314, 1562, 1678, 2022, 2462, 2496, 2950, 3138, 3352, 3572, 3874, 3898]
第9 次最终的点的原始位置横坐标: [-4096, -3832, -3574, -3454, -3240, -2772, -2416, -2010, -1802, -1434, -1368, -992, -756, -512, -316, 86, 330, 526, 662, 828, 970, 1450, 1548, 1934, 1994, 2240, 2546, 2698, 2938, 3040, 3562, 3780]
第10 次最终的点的原始位置横坐标: [-4096, -3956, -3780, -3422, -3094, -2894, -2670, -2466, -2260, -2188, -1914, -1652, -1456, -1194, -720, -118, 106, 320, 620, 832, 1074, 1470, 1796, 2036, 2406, 2780, 3010, 3354, 3622, 3860, 3972]
第11 次最终的点的原始位置横坐标: [-4096, -3588, -3564, -3326, -2902, -2716, -2014, -1810, -1736, -1460, -1406, -994, -964, -518, -430, -180, 372, 494, 656, 966, 1032, 1434, 1666, 1810, 2468, 2500, 2744, 2776, 3070, 3524, 4042]
第12 次最终的点的原始位置横坐标: [-4096, -4062, -3696, -3664, -3026, -2710, -2524, -2200, -2012, -1864, -1682, -1550, -1486, -1292, -1142, -956, -784, -374, -38, 200, 406, 476, 836, 904, 1022, 1276, 1342, 1894, 2088, 2124, 2442, 2712, 3092, 3180, 3528, 3708]
第13 次最终的点的原始位置横坐标: [-4096, -4026, -3846, -3446, -3242, -2942, -2826, -2578, -2446, -2244, -2156, -1546, -1340, -1228, -876, -524, -110, -76, 66, 378, 596, 712, 1082, 1262, 1370, 1650, 2046, 2510, 2726, 2770, 2974, 3440, 3768]
第14 次最终的点的原始位置横坐标: [-4096, -3758, -3654, -3430, -3264, -3076, -2918, -2112, -1920, -1836, -1562, -1352, -1274, -1098, -680, -102, 92, 426, 514, 638, 816, 1210, 1352, 1710, 1918, 2072, 2314, 2466, 2598, 3004, 3258, 3844, 3940, 4008]
第15 次最终的点的原始位置横坐标: [-4096, -4086, -3684, -3382, -3134, -2866, -2614, -2186, -1924, -1540, -1020, -880, -632, -332, 6, 78, 190, 248, 384, 486, 632, 1110, 1644, 1730, 1942, 2216, 2602, 2818, 3122, 3654, 3894]
第16 次最终的点的原始位置横坐标: [-4096, -3986, -3868, -3606, -3220, -2986, -2714, -2302, -2238, -1954, -1848, -1262, -1194, -910, -718, -692, -554, -272, -120, 310, 452, 526, 1090, 1180, 1294, 1406, 2210, 2400, 2886, 2972, 3086, 3356, 3670, 3850, 4064]
第17 次最终的点的原始位置横坐标: [-4096, -4066, -4032, -3612, -3598, -3292, -2862, -2632, -2170, -1954, -1686, -1372, -1036, -932, -712, -630, -374, -238, -50, 576, 994, 1282, 1494, 1680, 2062, 2212, 2562, 3074, 3498, 3722, 3876, 3962]
第18 次最终的点的原始位置横坐标: [-4096, -4002, -3768, -3640, -3040, -3020, -2712, -2608, -2420, -1932, -1858, -1504, -1216, -1112, -892, -516, 132, 270, 696, 916, 1018, 1226, 1330, 1636, 1866, 2022, 2132, 2456, 2634, 2846, 2958, 3198, 3436, 3674, 3986, 4088]
第19 次最终的点的原始位置横坐标: [-4096, -4078, -3864, -3712, -3364, -3040, -2696, -2380, -2324, -2036, -1842, -1568, -1234, -1078, -596, -498, -88, 194, 302, 798, 1096, 1360, 2024, 2084, 2436, 2642, 2762, 3158, 3440, 3720, 3876]
第20 次最终的点的原始位置横坐标: [-4096, -4074, -3652, -3502, -3370, -3188, -3058, -2906, -2712, -2566, -2346, -1990, -1854, -1470, -998, -616, -208, 216, 478, 858, 1302, 1520, 1674, 2128, 2184, 2458, 2804, 3104, 3242, 3590, 3980, 4076]
第21 次最终的点的原始位置横坐标: [-4096, -4082, -3884, -3242, -3022, -2936, -2712, -2510, -2454, -1880, -1682, -1340, -1156, -884, -768, -280, -90, 296, 594, 928, 1084, 1184, 1504, 1660, 2066, 2158, 2350, 2430, 2672, 2856, 2968, 3000, 3476, 3742, 4008]
第22 次最终的点的原始位置横坐标: [-4096, -4094, -4054, -3888, -3426, -3320, -3010, -2890, -2536, -2238, -2136, -2050, -1948, -1754, -1382, -1316, -866, -554, -444, 18, 244, 548, 704, 798, 1116, 1322, 1484, 1962, 2274, 2598, 2702, 3334, 3944]
第23 次最终的点的原始位置横坐标: [-4096, -3580, -3378, -3082, -2796, -2608, -2240, -1920, -1766, -1594, -1168, -946, -814, -562, -418, -298, -164, -58, 236, 500, 780, 878, 970, 1300, 1530, 2016, 2204, 2286, 2618, 2946, 3222, 3530, 3634]
第24 次最终的点的原始位置横坐标: [-4096, -3970, -3786, -3616, -3516, -3060, -2868, -2684, -2070, -1812, -1576, -1426, -1252, -1100, -596, -478, -284, -36, 224, 550, 786, 942, 1046, 1596, 1654, 1838, 2164, 2272, 2898, 3146, 3294, 3508, 3856, 4028]
第25 次最终的点的原始位置横坐标: [-4096, -4092, -3716, -3524, -3284, -3176, -2974, -2840, -2544, -2396, -2314, -1984, -1626, -1452, -1236, -1068, -772, -240, 260, 504, 536, 1056, 1436, 1912, 2186, 2770, 3064, 3106, 3200, 3266, 3772, 3866, 4048]
第26 次最终的点的原始位置横坐标: [-4096, -3868, -3688, -3496, -3238, -3072, -2880, -2830, -2486, -2236, -1838, -1644, -1514, -1272, -972, -750, -436, -90, -32, 192, 600, 832, 922, 1348, 1514, 1868, 2042, 2390, 2582, 3064, 3074, 3460, 3840, 4058]
第27 次最终的点的原始位置横坐标: [-4096, -3782, -3608, -3412, -3000, -2814, -2474, -2162, -2100, -1774, -1672, -1520, -1046, -818, -610, -582, -268, -184, 158, 444, 562, 650, 1018, 1122, 1612, 1696, 1812, 2452, 2538, 2764, 3076, 3114, 3578, 3774, 3900]
第28 次最终的点的原始位置横坐标: [-4096, -4008, -3726, -3564, -2986, -2846, -2410, -2226, -2144, -2090, -1904, -1790, -1342, -1286, -750, -324, -108, 30, 208, 392, 792, 1080, 1236, 1716, 1782, 2118, 2500, 2690, 3308, 3408, 3806, 4052]
第29 次最终的点的原始位置横坐标: [-4096, -4080, -4060, -3696, -3352, -3088, -2898, -2826, -2248, -2098, -1900, -1864, -1704, -1474, -1332, -1114, -890, -608, -386, -220, -106, 8, 298, 456, 560, 884, 1246, 1340, 1556, 1876, 2234, 2486, 2794, 2914, 3208, 3668, 4060]
第30 次最终的点的原始位置横坐标: [-4096, -4050, -3828, -3516, -2964, -2708, -2528, -2116, -2106, -1514, -1240, -1014, -798, -186, 244, 304, 556, 864, 1204, 1476, 1726, 2036, 2144, 2388, 2416, 2576, 2978, 3644, 3992]
上界距离: [298.0, 302.0, 210.0, 534.0, 66.0, 58.0, 106.0, 446.0, 18.0, 256.0, 160.0, 150.0, 304.0, 166.0, 396.0, 56.0, 444.0, 74.0, 76.0, 368.0, 556.0, 74.0, 148.0, 322.0, 490.0, 132.0, 456.0, 28.0, 314.0, 122.0, 214.0, 386.0, 312.0, 116.0, 470.0, 156.0, 142.0, 124.0, 648.0, 162.0, 328.0, 674.0, 424.0, 344.0, 512.0, 174.0, 228.0, 164.0, 328.0, 238.0, 392.0, 114.0, 402.0, 322.0, 218.0, 292.0, 128.0, 166.0, 588.0, 152.0, 392.0, 114.0, 536.0, 14.0, 178.0, 160.0, 344.0, 172.0, 578.0, 230.0, 186.0, 90.0, 192.0, 114.0, 30.0, 238.0, 264.0, 112.0, 370.0, 588.0, 254.0, 242.0, 250.0, 162.0, 222.0, 170.0, 216.0, 344.0, 64.0, 586.0, 78.0, 236.0, 138.0, 212.0, 116.0, 298.0, 128.0, 240.0, 440.0, 136.0, 94.0, 344.0, 190.0, 174.0, 318.0, 482.0, 302.0, 140.0, 380.0, 310.0, 56.0, 538.0, 376.0, 228.0, 346.0, 54.0, 162.0, 226.0, 264.0, 328.0, 220.0, 516.0, 76.0, 344.0, 304.0, 300.0, 46.0, 490.0, 86.0, 488.0, 62.0, 304.0, 560.0, 196.0, 382.0, 62.0, 402.0, 76.0, 176.0, 268.0, 120.0, 248.0, 304.0, 354.0, 344.0, 66.0, 152.0, 82.0, 408.0, 44.0, 300.0, 52.0, 174.0, 396.0, 26.0, 504.0, 94.0, 290.0, 332.0, 100.0, 302.0, 94.0, 276.0, 74.0, 278.0, 38.0, 212.0, 182.0, 334.0, 218.0, 392.0, 192.0, 394.0, 264.0, 316.0, 214.0, 224.0, 750.0, 260.0, 346.0, 284.0, 492.0, 164.0, 258.0, 138.0, 370.0, 358.0, 124.0, 326.0, 594.0, 254.0, 434.0, 152.0, 270.0, 148.0, 444.0, 194.0, 74.0, 248.0, 158.0, 466.0, 192.0, 492.0, 324.0, 314.0, 214.0, 508.0, 324.0, 370.0, 98.0, 90.0, 138.0, 756.0, 220.0, 96.0, 456.0, 426.0, 162.0, 210.0, 698.0, 124.0, 98.0, 580.0, 30.0, 306.0, 156.0, 410.0, 450.0, 236.0, 234.0, 346.0, 110.0, 432.0, 290.0, 386.0, 316.0, 196.0, 296.0, 90.0, 354.0, 134.0, 214.0, 352.0, 134.0, 352.0, 410.0, 62.0, 240.0, 314.0, 120.0, 96.0, 288.0, 156.0, 94.0, 444.0, 156.0, 394.0, 270.0, 444.0, 42.0, 358.0, 362.0, 198.0, 552.0, 98.0, 240.0, 300.0, 242.0, 102.0, 200.0, 94.0, 326.0, 452.0, 154.0, 288.0, 84.0, 110.0, 74.0, 456.0, 46.0, 570.0, 338.0, 240.0, 514.0, 130.0, 322.0, 176.0, 264.0, 300.0, 166.0, 140.0, 138.0, 372.0, 196.0, 52.0, 348.0, 674.0, 244.0, 470.0, 242.0, 302.0, 88.0, 456.0, 270.0, 352.0, 176.0, 262.0, 242.0, 502.0, 356.0, 64.0, 134.0, 814.0, 530.0, 106.0, 314.0, 266.0, 416.0, 260.0, 56.0, 288.0, 358.0, 252.0, 304.0, 222.0, 132.0, 254.0, 184.0, 564.0, 154.0, 70.0, 184.0, 210.0, 192.0, 428.0, 226.0, 376.0, 194.0, 226.0, 310.0, 172.0, 474.0, 276.0, 304.0, 160.0, 432.0, 312.0, 332.0, 186.0, 114.0, 176.0, 90.0, 166.0, 402.0, 258.0, 84.0, 170.0, 136.0, 522.0, 124.0, 260.0, 72.0, 100.0, 320.0, 290.0, 202.0, 290.0, 54.0, 336.0, 124.0, 122.0, 344.0, 334.0, 200.0, 150.0, 336.0, 438.0, 266.0, 56.0, 114.0, 226.0, 138.0, 260.0, 388.0, 54.0, 170.0, 90.0, 652.0, 228.0, 328.0, 58.0, 444.0, 374.0, 420.0, 186.0, 6.0, 70.0, 396.0, 236.0, 44.0, 318.0, 150.0, 548.0, 204.0, 346.0, 308.0, 60.0, 266.0, 414.0, 138.0, 214.0, 452.0, 120.0, 256.0, 78.0, 320.0, 306.0, 134.0, 670.0, 244.0, 62.0, 80.0, 274.0, 492.0, 328.0, 314.0, 96.0, 94.0, 228.0, 280.0, 390.0, 174.0, 184.0, 114.0, 208.0, 460.0, 192.0, 136.0, 204.0, 524.0, 88.0, 140.0, 358.0, 520.0, 358.0, 278.0, 250.0, 426.0, 312.0, 364.0, 92.0, 794.0, 124.0, 270.0, 92.0, 218.0, 198.0, 100.0, 326.0, 62.0, 102.0, 56.0, 118.0, 462.0, 368.0, 340.0, 246.0, 464.0, 186.0, 330.0, 352.0, 474.0, 194.0, 650.0, 146.0, 334.0, 566.0, 202.0, 120.0, 120.0, 282.0, 372.0, 292.0, 130.0, 234.0, 314.0, 96.0, 336.0, 18.0, 184.0, 256.0, 258.0, 86.0, 530.0, 82.0, 584.0, 48.0, 254.0, 454.0, 258.0, 326.0, 166.0, 130.0, 230.0, 446.0, 116.0, 100.0, 146.0, 192.0, 490.0, 286.0, 156.0, 86.0, 520.0, 328.0, 86.0, 280.0, 240.0, 470.0, 20.0, 288.0, 166.0, 414.0, 298.0, 298.0, 510.0, 114.0, 264.0, 392.0, 364.0, 154.0, 114.0, 438.0, 432.0, 84.0, 286.0, 200.0, 68.0, 502.0, 314.0, 268.0, 324.0, 294.0, 60.0, 100.0, 344.0, 170.0, 588.0, 84.0, 236.0, 180.0, 404.0, 516.0, 268.0, 370.0, 206.0, 270.0, 64.0, 114.0, 124.0, 498.0, 136.0, 148.0, 206.0, 272.0, 298.0, 62.0, 216.0, 100.0, 286.0, 82.0, 248.0, 190.0, 544.0, 60.0, 82.0, 674.0, 54.0, 442.0, 158.0, 266.0, 126.0, 348.0, 252.0, 260.0, 196.0, 324.0, 218.0, 330.0, 374.0, 224.0, 384.0, 98.0, 614.0, 122.0, 314.0, 332.0, 158.0, 354.0, 218.0, 284.0, 128.0, 674.0, 430.0, 156.0, 352.0, 170.0, 48.0, 34.0, 326.0, 36.0, 286.0, 328.0, 304.0, 88.0, 602.0, 240.0, 500.0, 370.0, 406.0, 384.0, 474.0, 266.0, 274.0, 156.0, 26.0, 504.0, 310.0, 294.0, 16.0, 316.0, 410.0, 308.0, 516.0, 206.0, 482.0, 74.0, 88.0, 542.0, 310.0, 210.0, 30.0, 472.0, 252.0, 180.0, 206.0, 292.0, 210.0, 670.0, 188.0, 210.0, 390.0, 120.0, 100.0, 520.0, 204.0, 106.0, 360.0, 188.0, 200.0, 58.0, 94.0, 128.0, 376.0, 106.0, 168.0, 396.0, 118.0, 186.0, 592.0, 22.0, 304.0, 470.0, 14.0, 420.0, 62.0, 172.0, 14.0, 306.0, 246.0, 56.0, 230.0, 262.0, 98.0, 572.0, 248.0, 370.0, 92.0, 232.0, 304.0, 314.0, 160.0, 202.0, 148.0, 364.0, 264.0, 228.0, 584.0, 404.0, 720.0, 334.0, 292.0, 288.0, 152.0, 152.0, 506.0, 300.0, 310.0, 132.0, 278.0, 162.0, 62.0, 118.0, 400.0, 158.0, 194.0, 236.0, 124.0, 78.0, 378.0, 130.0, 174.0, 404.0, 180.0, 322.0, 140.0, 186.0, 346.0, 212.0, 606.0, 172.0, 526.0, 24.0, 160.0, 428.0, 360.0, 248.0, 196.0, 184.0, 360.0, 130.0, 556.0, 380.0, 134.0, 96.0, 80.0, 276.0, 344.0, 144.0, 244.0, 386.0, 124.0, 156.0, 452.0, 218.0, 214.0, 202.0, 88.0, 466.0, 552.0, 242.0, 152.0, 230.0, 312.0, 36.0, 232.0, 348.0, 54.0, 144.0, 214.0, 98.0, 366.0, 292.0, 136.0, 318.0, 134.0, 82.0, 374.0, 176.0, 218.0, 558.0, 334.0, 332.0, 136.0, 740.0, 78.0, 502.0, 212.0, 418.0, 320.0, 422.0, 28.0, 226.0, 158.0, 282.0, 462.0, 194.0, 130.0, 34.0, 316.0, 502.0, 10.0, 328.0, 228.0, 116.0, 354.0, 174.0, 28.0, 90.0, 522.0, 178.0, 282.0, 236.0, 362.0, 286.0, 32.0, 42.0, 568.0, 124.0, 400.0, 352.0, 196.0, 226.0, 528.0, 214.0, 8.0, 562.0, 228.0, 150.0, 208.0, 70.0, 404.0, 532.0, 206.0, 158.0, 324.0, 344.0, 146.0, 154.0, 188.0, 324.0, 118.0, 306.0, 228.0, 76.0, 502.0, 88.0, 254.0, 126.0, 270.0, 50.0, 276.0, 260.0, 486.0, 114.0, 154.0, 210.0, 290.0, 128.0, 112.0, 364.0, 630.0, 274.0, 92.0, 132.0, 378.0, 530.0, 204.0, 148.0, 216.0, 164.0, 86.0, 290.0, 48.0, 556.0, 166.0, 330.0, 4.0, 298.0, 204.0, 520.0, 208.0, 368.0, 202.0, 198.0, 204.0, 340.0, 260.0, 392.0, 358.0, 182.0, 378.0, 278.0, 336.0, 110.0, 346.0, 378.0, 686.0, 112.0, 250.0, 194.0, 270.0, 154.0, 104.0, 80.0, 458.0, 74.0, 78.0, 262.0, 330.0, 114.0, 248.0, 274.0, 160.0, 252.0, 106.0, 220.0, 120.0, 68.0, 80.0, 672.0, 192.0, 222.0, 298.0, 174.0, 416.0, 318.0, 164.0, 130.0, 562.0, 386.0, 264.0, 424.0, 698.0, 220.0, 282.0, 160.0, 372.0, 606.0, 146.0, 52.0, 536.0, 270.0, 426.0, 104.0, 318.0, 322.0, 596.0, 10.0, 126.0, 384.0, 226.0, 94.0, 196.0, 232.0, 170.0, 628.0, 490.0, 148.0]
下界距离: [128.0, 228.0, 64.0, 428.0, 330.0, 74.0, 188.0, 282.0, 204.0, 216.0, 110.0, 226.0, 110.0, 104.0, 440.0, 152.0, 214.0, 362.0, 306.0, 116.0, 234.0, 264.0, 384.0, 4.0, 444.0, 394.0, 142.0, 486.0, 66.0, 342.0, 92.0, 386.0, 200.0, 250.0, 8.0, 62.0, 208.0, 230.0, 240.0, 532.0, 412.0, 402.0, 164.0, 506.0, 378.0, 250.0, 434.0, 486.0, 80.0, 320.0, 168.0, 524.0, 192.0, 84.0, 286.0, 298.0, 140.0, 120.0, 476.0, 490.0, 250.0, 184.0, 22.0, 110.0, 238.0, 242.0, 116.0, 544.0, 146.0, 454.0, 68.0, 98.0, 220.0, 20.0, 86.0, 464.0, 44.0, 160.0, 246.0, 226.0, 594.0, 462.0, 74.0, 182.0, 16.0, 294.0, 242.0, 266.0, 104.0, 190.0, 498.0, 248.0, 134.0, 354.0, 362.0, 204.0, 62.0, 290.0, 26.0, 214.0, 8.0, 94.0, 94.0, 354.0, 200.0, 580.0, 344.0, 338.0, 162.0, 114.0, 150.0, 882.0, 128.0, 210.0, 106.0, 366.0, 158.0, 328.0, 180.0, 374.0, 222.0, 212.0, 522.0, 152.0, 230.0, 106.0, 454.0, 128.0, 264.0, 384.0, 156.0, 144.0, 190.0, 540.0, 158.0, 374.0, 42.0, 410.0, 52.0, 170.0, 322.0, 328.0, 218.0, 66.0, 310.0, 400.0, 286.0, 106.0, 92.0, 204.0, 96.0, 416.0, 198.0, 38.0, 408.0, 170.0, 230.0, 226.0, 80.0, 562.0, 94.0, 114.0, 74.0, 104.0, 318.0, 214.0, 170.0, 138.0, 74.0, 276.0, 334.0, 272.0, 228.0, 362.0, 492.0, 346.0, 182.0, 176.0, 624.0, 262.0, 284.0, 310.0, 340.0, 328.0, 414.0, 170.0, 226.0, 160.0, 492.0, 262.0, 662.0, 106.0, 160.0, 270.0, 142.0, 156.0, 354.0, 326.0, 348.0, 34.0, 198.0, 332.0, 62.0, 638.0, 344.0, 266.0, 226.0, 500.0, 332.0, 408.0, 6.0, 292.0, 226.0, 656.0, 80.0, 138.0, 434.0, 468.0, 276.0, 150.0, 510.0, 140.0, 312.0, 84.0, 536.0, 142.0, 316.0, 234.0, 530.0, 112.0, 496.0, 116.0, 124.0, 274.0, 522.0, 352.0, 254.0, 88.0, 286.0, 354.0, 138.0, 248.0, 116.0, 344.0, 440.0, 34.0, 454.0, 188.0, 214.0, 220.0, 302.0, 24.0, 264.0, 258.0, 120.0, 214.0, 468.0, 356.0, 406.0, 208.0, 368.0, 66.0, 376.0, 236.0, 244.0, 196.0, 402.0, 244.0, 196.0, 136.0, 166.0, 142.0, 480.0, 98.0, 386.0, 60.0, 246.0, 306.0, 152.0, 240.0, 102.0, 522.0, 218.0, 140.0, 176.0, 358.0, 328.0, 200.0, 224.0, 204.0, 206.0, 72.0, 274.0, 262.0, 196.0, 262.0, 474.0, 602.0, 224.0, 214.0, 300.0, 212.0, 242.0, 396.0, 326.0, 240.0, 370.0, 374.0, 230.0, 344.0, 268.0, 238.0, 112.0, 508.0, 24.0, 238.0, 424.0, 186.0, 702.0, 204.0, 74.0, 276.0, 54.0, 412.0, 30.0, 446.0, 88.0, 250.0, 552.0, 122.0, 162.0, 310.0, 66.0, 402.0, 232.0, 144.0, 658.0, 32.0, 244.0, 32.0, 294.0, 454.0, 518.0, 34.0, 366.0, 32.0, 638.0, 316.0, 186.0, 324.0, 188.0, 148.0, 182.0, 132.0, 64.0, 194.0, 150.0, 186.0, 172.0, 410.0, 336.0, 238.0, 206.0, 70.0, 360.0, 68.0, 118.0, 254.0, 66.0, 552.0, 194.0, 36.0, 318.0, 270.0, 380.0, 88.0, 348.0, 180.0, 70.0, 180.0, 400.0, 204.0, 300.0, 116.0, 248.0, 132.0, 202.0, 88.0, 610.0, 206.0, 112.0, 352.0, 352.0, 414.0, 34.0, 142.0, 312.0, 218.0, 116.0, 370.0, 180.0, 108.0, 280.0, 396.0, 464.0, 216.0, 44.0, 204.0, 466.0, 328.0, 338.0, 104.0, 224.0, 166.0, 188.0, 158.0, 806.0, 192.0, 84.0, 274.0, 210.0, 78.0, 176.0, 418.0, 578.0, 194.0, 334.0, 88.0, 124.0, 178.0, 394.0, 142.0, 358.0, 208.0, 154.0, 242.0, 152.0, 132.0, 406.0, 254.0, 586.0, 96.0, 68.0, 10.0, 402.0, 302.0, 248.0, 268.0, 252.0, 428.0, 262.0, 384.0, 520.0, 140.0, 248.0, 300.0, 338.0, 72.0, 112.0, 58.0, 136.0, 102.0, 146.0, 478.0, 534.0, 86.0, 212.0, 274.0, 386.0, 216.0, 304.0, 532.0, 240.0, 110.0, 118.0, 262.0, 386.0, 234.0, 272.0, 412.0, 64.0, 284.0, 106.0, 586.0, 68.0, 284.0, 192.0, 26.0, 138.0, 282.0, 152.0, 430.0, 142.0, 74.0, 564.0, 90.0, 114.0, 112.0, 804.0, 190.0, 486.0, 86.0, 114.0, 270.0, 314.0, 180.0, 214.0, 30.0, 34.0, 420.0, 14.0, 306.0, 430.0, 230.0, 462.0, 216.0, 268.0, 314.0, 336.0, 104.0, 220.0, 82.0, 256.0, 136.0, 188.0, 626.0, 418.0, 288.0, 212.0, 186.0, 382.0, 150.0, 350.0, 512.0, 424.0, 224.0, 154.0, 86.0, 94.0, 234.0, 128.0, 600.0, 20.0, 308.0, 104.0, 188.0, 488.0, 74.0, 354.0, 288.0, 104.0, 220.0, 376.0, 648.0, 138.0, 426.0, 220.0, 102.0, 208.0, 104.0, 306.0, 230.0, 156.0, 110.0, 324.0, 178.0, 212.0, 112.0, 240.0, 238.0, 238.0, 312.0, 102.0, 18.0, 214.0, 152.0, 348.0, 324.0, 344.0, 316.0, 56.0, 288.0, 194.0, 274.0, 334.0, 156.0, 482.0, 98.0, 410.0, 282.0, 108.0, 496.0, 298.0, 264.0, 664.0, 60.0, 352.0, 206.0, 120.0, 396.0, 282.0, 280.0, 156.0, 22.0, 422.0, 150.0, 132.0, 182.0, 130.0, 152.0, 194.0, 146.0, 220.0, 356.0, 136.0, 384.0, 472.0, 382.0, 408.0, 424.0, 262.0, 380.0, 444.0, 218.0, 154.0, 454.0, 56.0, 274.0, 346.0, 300.0, 138.0, 348.0, 390.0, 96.0, 14.0, 198.0, 642.0, 220.0, 86.0, 224.0, 202.0, 56.0, 574.0, 198.0, 342.0, 184.0, 272.0, 116.0, 488.0, 190.0, 386.0, 298.0, 334.0, 156.0, 100.0, 320.0, 156.0, 406.0, 92.0, 192.0, 80.0, 242.0, 184.0, 112.0, 32.0, 476.0, 266.0, 266.0, 2.0, 40.0, 166.0, 462.0, 106.0, 310.0, 120.0, 354.0, 298.0, 102.0, 86.0, 102.0, 194.0, 372.0, 66.0, 450.0, 312.0, 110.0, 462.0, 226.0, 304.0, 156.0, 94.0, 318.0, 206.0, 162.0, 478.0, 312.0, 324.0, 104.0, 632.0, 610.0, 516.0, 202.0, 296.0, 286.0, 188.0, 368.0, 320.0, 154.0, 172.0, 426.0, 222.0, 132.0, 252.0, 144.0, 120.0, 134.0, 106.0, 294.0, 264.0, 280.0, 98.0, 92.0, 330.0, 230.0, 486.0, 188.0, 82.0, 332.0, 328.0, 276.0, 308.0, 104.0, 126.0, 184.0, 170.0, 100.0, 456.0, 192.0, 184.0, 614.0, 258.0, 236.0, 150.0, 174.0, 152.0, 504.0, 118.0, 194.0, 248.0, 260.0, 326.0, 236.0, 156.0, 104.0, 550.0, 58.0, 184.0, 326.0, 108.0, 626.0, 248.0, 148.0, 214.0, 348.0, 172.0, 4.0, 376.0, 192.0, 240.0, 108.0, 202.0, 134.0, 296.0, 148.0, 82.0, 330.0, 358.0, 174.0, 216.0, 168.0, 296.0, 532.0, 500.0, 244.0, 32.0, 520.0, 380.0, 476.0, 274.0, 584.0, 294.0, 42.0, 94.0, 66.0, 506.0, 94.0, 182.0, 228.0, 180.0, 192.0, 258.0, 166.0, 192.0, 50.0, 344.0, 250.0, 398.0, 194.0, 130.0, 242.0, 300.0, 222.0, 314.0, 346.0, 58.0, 224.0, 408.0, 232.0, 90.0, 426.0, 166.0, 354.0, 174.0, 348.0, 192.0, 482.0, 10.0, 386.0, 380.0, 218.0, 314.0, 174.0, 196.0, 412.0, 186.0, 340.0, 312.0, 62.0, 326.0, 102.0, 152.0, 474.0, 228.0, 208.0, 28.0, 314.0, 84.0, 342.0, 286.0, 118.0, 88.0, 368.0, 104.0, 490.0, 84.0, 116.0, 640.0, 86.0, 226.0, 312.0, 38.0, 464.0, 196.0, 126.0, 88.0, 282.0, 162.0, 578.0, 140.0, 436.0, 184.0, 82.0, 54.0, 186.0, 114.0, 448.0, 56.0, 536.0, 426.0, 216.0, 138.0, 178.0, 184.0, 400.0, 288.0, 156.0, 480.0, 66.0, 336.0, 382.0, 190.0, 618.0, 100.0, 398.0, 246.0, 16.0, 20.0, 364.0, 344.0, 264.0, 190.0, 72.0, 578.0, 150.0, 198.0, 36.0, 160.0, 230.0, 142.0, 218.0, 224.0, 282.0, 222.0, 166.0, 114.0, 114.0, 290.0, 158.0, 104.0, 324.0, 362.0, 94.0, 216.0, 320.0, 358.0, 252.0, 308.0, 120.0, 294.0, 460.0, 392.0, 46.0, 222.0, 312.0, 552.0, 256.0, 180.0, 412.0, 10.0, 592.0, 274.0, 226.0, 216.0, 612.0, 430.0, 60.0, 252.0, 308.0, 340.0, 272.0, 250.0, 310.0, 108.0, 244.0, 28.0, 160.0, 402.0, 666.0, 348.0]
位移: [-18.0, 152.0, 226.0, 372.0, 478.0, 214.0, 198.0, 116.0, 280.0, 94.0, 134.0, 184.0, 108.0, 302.0, 364.0, 320.0, 224.0, 454.0, 166.0, -64.0, 188.0, 510.0, 320.0, 84.0, 402.0, 448.0, 186.0, 500.0, 42.0, 290.0, 70.0, 192.0, 192.0, 304.0, 170.0, -242.0, 220.0, 314.0, 248.0, 142.0, 550.0, 180.0, 96.0, 368.0, 628.0, 466.0, 600.0, 524.0, 318.0, -4.0, 244.0, 162.0, 386.0, -24.0, 186.0, 424.0, 356.0, 350.0, 338.0, 384.0, 496.0, 158.0, 300.0, 230.0, -224.0, 290.0, 194.0, 134.0, 52.0, 280.0, -92.0, 340.0, 116.0, 234.0, 226.0, 198.0, 292.0, 236.0, 10.0, 230.0, 182.0, 306.0, 668.0, 328.0, 108.0, 284.0, 264.0, 470.0, 346.0, 320.0, 398.0, 358.0, 754.0, 334.0, 322.0, 326.0, 184.0, -62.0, 32.0, 98.0, 48.0, -298.0, 116.0, 38.0, 124.0, 374.0, 470.0, 290.0, 408.0, 310.0, 268.0, 70.0, 288.0, 484.0, 390.0, 46.0, 294.0, 312.0, 552.0, 240.0, 244.0, 142.0, 226.0, 180.0, 178.0, 482.0, 36.0, 228.0, 302.0, 496.0, 88.0, 450.0, 272.0, 376.0, 72.0, -22.0, 138.0, 508.0, 164.0, 388.0, 76.0, 436.0, 102.0, 226.0, 324.0, 122.0, 42.0, 128.0, 416.0, 450.0, 116.0, -18.0, -42.0, 274.0, 114.0, 318.0, -46.0, -70.0, 288.0, -94.0, 240.0, 104.0, 168.0, 420.0, -42.0, 166.0, 146.0, 348.0, 318.0, 278.0, 102.0, -10.0, 32.0, 76.0, 336.0, 278.0, 336.0, 256.0, 422.0, 324.0, 148.0, 16.0, 58.0, 632.0, 268.0, 352.0, 352.0, 534.0, 358.0, 288.0, 12.0, 212.0, 344.0, 308.0, 142.0, 474.0, 66.0, 394.0, 386.0, 386.0, 160.0, 166.0, 454.0, 294.0, 42.0, -58.0, 66.0, 334.0, 194.0, 624.0, 310.0, 280.0, 228.0, 510.0, 334.0, 372.0, 62.0, 146.0, -8.0, 522.0, 86.0, 102.0, 420.0, 412.0, 106.0, 40.0, 588.0, 202.0, 210.0, 168.0, 436.0, 382.0, 152.0, 166.0, 260.0, 476.0, 182.0, 304.0, 154.0, 148.0, 456.0, 472.0, 336.0, 300.0, 242.0, 450.0, 254.0, 254.0, 250.0, 216.0, 452.0, 242.0, 154.0, 530.0, 138.0, 190.0, 290.0, 190.0, -16.0, 248.0, 362.0, 254.0, 90.0, 414.0, 356.0, 282.0, 196.0, 234.0, 68.0, 58.0, 354.0, 176.0, 492.0, 346.0, 390.0, 288.0, 286.0, 192.0, 256.0, 184.0, 368.0, 340.0, 396.0, 298.0, 322.0, 186.0, -46.0, 258.0, 64.0, 532.0, 348.0, 370.0, -4.0, 370.0, 324.0, 288.0, 136.0, 200.0, 276.0, 238.0, 172.0, 238.0, 336.0, 270.0, 126.0, 212.0, 412.0, 54.0, 300.0, 328.0, 330.0, 206.0, 420.0, 294.0, 320.0, 256.0, 148.0, 16.0, 288.0, 300.0, 96.0, -8.0, 694.0, 230.0, 252.0, 334.0, 410.0, 252.0, 482.0, 40.0, -108.0, 106.0, 188.0, 386.0, 278.0, 470.0, 156.0, 322.0, 256.0, 268.0, 300.0, 208.0, 82.0, 226.0, 16.0, 212.0, 294.0, 12.0, 174.0, 156.0, 434.0, 312.0, 332.0, 90.0, 88.0, 358.0, 152.0, 552.0, 226.0, 242.0, 242.0, 32.0, 20.0, -38.0, -54.0, 216.0, 410.0, 300.0, 320.0, 270.0, 620.0, 334.0, 258.0, 92.0, -14.0, 236.0, 166.0, 300.0, 472.0, 272.0, 542.0, 114.0, 42.0, 350.0, 366.0, 296.0, 66.0, 314.0, 404.0, 490.0, 296.0, 282.0, 216.0, 42.0, -24.0, -64.0, 208.0, 14.0, 52.0, -60.0, 504.0, 122.0, 244.0, 190.0, 282.0, 304.0, 310.0, 462.0, 326.0, 84.0, 262.0, 382.0, 56.0, 194.0, 236.0, 504.0, 312.0, 194.0, 286.0, 302.0, 364.0, 312.0, 122.0, 176.0, 52.0, 400.0, 296.0, 386.0, 276.0, 438.0, -62.0, -120.0, 466.0, 436.0, 288.0, 290.0, 388.0, 462.0, 212.0, 332.0, 94.0, 100.0, 204.0, 306.0, 302.0, 334.0, 160.0, 66.0, 120.0, 338.0, 378.0, 382.0, 180.0, 450.0, -48.0, -4.0, 286.0, -228.0, 282.0, 238.0, 214.0, 216.0, 374.0, 434.0, 370.0, 200.0, 610.0, 214.0, 344.0, 188.0, 106.0, -34.0, -6.0, 208.0, 212.0, 178.0, 132.0, 104.0, 88.0, -78.0, 176.0, 210.0, 400.0, 200.0, 314.0, 362.0, 304.0, 258.0, -396.0, 144.0, 172.0, 244.0, 424.0, 392.0, 240.0, -52.0, 166.0, 254.0, 440.0, -16.0, 150.0, 180.0, 84.0, 394.0, 274.0, 176.0, 280.0, 108.0, 52.0, 508.0, 26.0, 520.0, 454.0, 596.0, 246.0, 314.0, 154.0, 234.0, 250.0, 210.0, 342.0, 278.0, 164.0, -46.0, 70.0, 228.0, 298.0, 570.0, 420.0, 76.0, 366.0, 232.0, 102.0, 114.0, 40.0, 174.0, 90.0, 158.0, 242.0, 400.0, 562.0, 672.0, 556.0, 252.0, 228.0, 408.0, 586.0, 358.0, 322.0, 410.0, 330.0, -10.0, 52.0, 98.0, 80.0, -250.0, 158.0, 238.0, 378.0, 102.0, 376.0, 128.0, 124.0, 280.0, -38.0, 476.0, 206.0, 154.0, 230.0, 414.0, 554.0, 174.0, 406.0, 186.0, 236.0, 198.0, 104.0, 124.0, 316.0, 222.0, 214.0, 310.0, 258.0, 378.0, 228.0, 332.0, 192.0, 240.0, 84.0, 20.0, 108.0, -110.0, 416.0, 262.0, 192.0, 518.0, 248.0, 346.0, 188.0, 398.0, 236.0, 390.0, 368.0, 294.0, 334.0, 176.0, 296.0, 216.0, 308.0, 424.0, 312.0, 112.0, 462.0, -80.0, 174.0, 154.0, 106.0, 340.0, 162.0, 164.0, 12.0, 530.0, -100.0, 308.0, 42.0, 244.0, 282.0, 148.0, 52.0, 226.0, 68.0, 208.0, 316.0, 264.0, 216.0, 434.0, 202.0, 320.0, 282.0, 264.0, 386.0, 480.0, 302.0, 358.0, 360.0, -68.0, 380.0, 416.0, 364.0, 80.0, 258.0, 320.0, 238.0, 658.0, -12.0, 180.0, 464.0, -104.0, -236.0, 220.0, 306.0, 314.0, 288.0, 186.0, 240.0, 78.0, 100.0, 120.0, 214.0, 396.0, 394.0, 218.0, 310.0, 96.0, 40.0, 460.0, 344.0, 294.0, 248.0, 344.0, 352.0, 330.0, 182.0, 126.0, 390.0, 464.0, 156.0, 286.0, 138.0, -206.0, -22.0, 530.0, 386.0, 228.0, 592.0, 296.0, 596.0, 304.0, 178.0, 90.0, 310.0, 454.0, 316.0, 174.0, 370.0, 18.0, 278.0, 416.0, 324.0, 190.0, 118.0, 266.0, 486.0, 328.0, 324.0, 310.0, 196.0, 148.0, 52.0, 532.0, 304.0, 414.0, 362.0, 180.0, 270.0, 262.0, 128.0, 92.0, 230.0, 210.0, 366.0, 326.0, 178.0, 118.0, 48.0, -86.0, 170.0, 208.0, 268.0, 398.0, 228.0, 42.0, 140.0, 172.0, 254.0, 328.0, 278.0, 114.0, 66.0, 170.0, 184.0, 68.0, 398.0, 262.0, 684.0, 148.0, 46.0, 22.0, 280.0, 540.0, 332.0, 336.0, 336.0, 82.0, -46.0, 274.0, 504.0, 464.0, 408.0, -16.0, 142.0, 292.0, 188.0, 172.0, 232.0, 120.0, 120.0, 468.0, 136.0, 292.0, 310.0, 72.0, 430.0, 356.0, 350.0, 354.0, 370.0, 334.0, 198.0, 44.0, 272.0, 244.0, 106.0, 10.0, 116.0, 12.0, 244.0, 240.0, 228.0, 464.0, 268.0, -8.0, 192.0, 152.0, 202.0, 464.0, 266.0, 98.0, -10.0, 698.0, 256.0, 378.0, 114.0, 258.0, -6.0, 122.0, 108.0, 240.0, 332.0, 108.0, 476.0, 488.0, 282.0, 184.0, 38.0, 162.0, 406.0, 250.0, 386.0, 564.0, 336.0, 440.0, 216.0, 50.0, 10.0, 290.0, 168.0, 228.0, 150.0, 166.0, 394.0, 202.0, -164.0, 172.0, 206.0, 180.0, 366.0, 208.0, 260.0, 440.0, 462.0, -12.0, 540.0, 382.0, 152.0, 142.0, 176.0, -68.0, 162.0, 498.0, 292.0, 264.0, 248.0, 280.0, 364.0, 192.0, 278.0, 450.0, 94.0, 172.0, 192.0, 240.0, 428.0, 432.0, 344.0, 184.0, 336.0, 298.0, 206.0, 362.0, 358.0, 388.0, 426.0, -4.0, 200.0, 102.0, -98.0, 228.0, 394.0, 472.0, 438.0, 94.0, 138.0, 234.0, 602.0, 228.0, 236.0, 16.0, -4.0, 0.0, 236.0, 98.0, 540.0, 258.0, 532.0, 0.0, -128.0, -140.0, 242.0, 272.0, 456.0, 258.0, 168.0, 216.0, 76.0, 270.0, 326.0, 302.0, 294.0, 54.0, 232.0, 170.0, 34.0, -468.0, -138.0, 220.0, 542.0, 310.0, 296.0, 300.0, 498.0, 74.0, 28.0, -90.0, 332.0, 246.0, 94.0, 214.0, 326.0, 216.0, 182.0, 234.0, 228.0, 366.0, 358.0, 288.0, 250.0, 214.0, -30.0, 280.0, 378.0, 384.0, 362.0, 178.0, 342.0, 352.0, 396.0, 232.0, 334.0, 328.0, -228.0, -10.0, 192.0, 578.0, 246.0, 272.0, 252.0, 212.0, 808.0, 362.0, 140.0, 450.0, 504.0, 318.0, -8.0, 250.0, 320.0, 608.0, 278.0, 132.0, 266.0, 182.0, 168.0, 120.0, 324.0, 334.0, 560.0, 384.0, 184.0]
两个数组同分布 KS 检验 p 值: 0.2650152103557945
点位移与正态分布的检验 p 值: 1.484070329462635e-191
┌ Warning: This test is inaccurate with ties
└ @ HypothesisTests /home/math006/.julia/packages/HypothesisTests/xna7a/src/kolmogorov_smirnov.jl:112
